(kicad_pcb (version 20200104) (host pcbnew "5.99.0-unknown-43514a1~86~ubuntu18.04.1")

  (general
    (thickness 1.6)
    (drawings 9)
    (tracks 239)
    (modules 30)
    (nets 38)
  )

  (page "A4")
  (layers
    (0 "F.Cu" signal)
    (31 "B.Cu" signal)
    (32 "B.Adhes" user hide)
    (33 "F.Adhes" user hide)
    (34 "B.Paste" user hide)
    (35 "F.Paste" user hide)
    (36 "B.SilkS" user hide)
    (37 "F.SilkS" user hide)
    (38 "B.Mask" user hide)
    (39 "F.Mask" user hide)
    (40 "Dwgs.User" user hide)
    (41 "Cmts.User" user hide)
    (42 "Eco1.User" user hide)
    (43 "Eco2.User" user hide)
    (44 "Edge.Cuts" user)
    (45 "Margin" user hide)
    (46 "B.CrtYd" user hide)
    (47 "F.CrtYd" user hide)
    (48 "B.Fab" user hide)
    (49 "F.Fab" user hide)
  )

  (setup
    (last_trace_width 0.25)
    (trace_clearance 0.2)
    (zone_clearance 0.508)
    (zone_45_only no)
    (trace_min 0.2)
    (via_size 0.8)
    (via_drill 0.4)
    (via_min_size 0.4)
    (via_min_drill 0.3)
    (uvia_size 0.3)
    (uvia_drill 0.1)
    (uvias_allowed no)
    (uvia_min_size 0.2)
    (uvia_min_drill 0.1)
    (max_error 0.005)
    (defaults
      (edge_clearance 0)
      (edge_cuts_line_width 0.1)
      (courtyard_line_width 0.12)
      (copper_line_width 0.2)
      (copper_text_dims (size 1.5 1.5) (thickness 0.3) keep_upright)
      (silk_line_width 0.15)
      (silk_text_dims (size 1 1) (thickness 0.15) keep_upright)
      (other_layers_line_width 0.15)
      (other_layers_text_dims (size 1 1) (thickness 0.15) keep_upright)
      (dimension_units 0)
      (dimension_precision 1)
    )
    (pad_size 1.524 1.524)
    (pad_drill 0.762)
    (pad_to_mask_clearance 0)
    (aux_axis_origin 101.6 50.8)
    (visible_elements FFFFFF7F)
    (pcbplotparams
      (layerselection 0x010fc_ffffffff)
      (usegerberextensions false)
      (usegerberattributes false)
      (usegerberadvancedattributes false)
      (creategerberjobfile false)
      (excludeedgelayer true)
      (linewidth 0.100000)
      (plotframeref false)
      (viasonmask false)
      (mode 1)
      (useauxorigin false)
      (hpglpennumber 1)
      (hpglpenspeed 20)
      (hpglpendiameter 15.000000)
      (psnegative false)
      (psa4output false)
      (plotreference true)
      (plotvalue true)
      (plotinvisibletext false)
      (padsonsilk false)
      (subtractmaskfromsilk false)
      (outputformat 1)
      (mirror false)
      (drillshape 0)
      (scaleselection 1)
      (outputdirectory "")
    )
  )

  (net 0 "")
  (net 1 "PB_1")
  (net 2 "PB_0")
  (net 3 "+3V3")
  (net 4 "LCD_CONTRAST")
  (net 5 "Net-(J1-Pad13)")
  (net 6 "LCD_E")
  (net 7 "Net-(J1-Pad11)")
  (net 8 "LCD_RS")
  (net 9 "Net-(J1-Pad9)")
  (net 10 "LCD4")
  (net 11 "Net-(J1-Pad7)")
  (net 12 "LCD5")
  (net 13 "LCD6")
  (net 14 "MIC_HDR")
  (net 15 "LCD7")
  (net 16 "SPEAKER_HDR")
  (net 17 "Net-(DS1-Pad10)")
  (net 18 "Net-(DS1-Pad9)")
  (net 19 "Net-(DS1-Pad8)")
  (net 20 "Net-(DS1-Pad7)")
  (net 21 "+5V")
  (net 22 "Net-(J2-Pad1)")
  (net 23 "Net-(J3-PadSN)")
  (net 24 "Net-(J3-PadS)")
  (net 25 "Net-(J6-PadTN)")
  (net 26 "Net-(J6-PadSN)")
  (net 27 "Net-(J5-PadTN)")
  (net 28 "Net-(J5-PadSN)")
  (net 29 "Net-(R10-Pad2)")
  (net 30 "Net-(J1-Pad16)")
  (net 31 "TX_ENABLE")
  (net 32 "Net-(J5-PadS)")
  (net 33 "Net-(R1-Pad2)")
  (net 34 "Net-(R2-Pad2)")
  (net 35 "Net-(R3-Pad2)")
  (net 36 "SW_SEND")
  (net 37 "GND")

  (net_class "Default" "This is the default net class."
    (clearance 0.2)
    (trace_width 0.25)
    (via_dia 0.8)
    (via_drill 0.4)
    (uvia_dia 0.3)
    (uvia_drill 0.1)
    (add_net "+3V3")
    (add_net "+5V")
    (add_net "GND")
    (add_net "LCD4")
    (add_net "LCD5")
    (add_net "LCD6")
    (add_net "LCD7")
    (add_net "LCD_CONTRAST")
    (add_net "LCD_E")
    (add_net "LCD_RS")
    (add_net "MIC_HDR")
    (add_net "Net-(DS1-Pad10)")
    (add_net "Net-(DS1-Pad7)")
    (add_net "Net-(DS1-Pad8)")
    (add_net "Net-(DS1-Pad9)")
    (add_net "Net-(J1-Pad11)")
    (add_net "Net-(J1-Pad13)")
    (add_net "Net-(J1-Pad16)")
    (add_net "Net-(J1-Pad7)")
    (add_net "Net-(J1-Pad9)")
    (add_net "Net-(J2-Pad1)")
    (add_net "Net-(J3-PadS)")
    (add_net "Net-(J3-PadSN)")
    (add_net "Net-(J5-PadS)")
    (add_net "Net-(J5-PadSN)")
    (add_net "Net-(J5-PadTN)")
    (add_net "Net-(J6-PadSN)")
    (add_net "Net-(J6-PadTN)")
    (add_net "Net-(R1-Pad2)")
    (add_net "Net-(R10-Pad2)")
    (add_net "Net-(R2-Pad2)")
    (add_net "Net-(R3-Pad2)")
    (add_net "PB_0")
    (add_net "PB_1")
    (add_net "SPEAKER_HDR")
    (add_net "SW_SEND")
    (add_net "TX_ENABLE")
  )

  (module "Resistor_SMD:R_0805_2012Metric" (layer "F.Cu") (tedit 5B36C52B) (tstamp 5E45B05A)
    (at 186.817 69.85)
    (descr "Resistor SMD 0805 (2012 Metric), square (rectangular) end terminal, IPC_7351 nominal, (Body size source: https://docs.google.com/spreadsheets/d/1BsfQQcO9C6DZCsRaXUlFlo91Tg2WpOkGARC1WS5S8t0/edit?usp=sharing), generated with kicad-footprint-generator")
    (tags "resistor")
    (path "/5E543056")
    (attr smd)
    (fp_text reference "R14" (at 0 -1.65) (layer "F.SilkS")
      (effects (font (size 1 1) (thickness 0.15)))
    )
    (fp_text value "2K2" (at 0 1.65) (layer "F.Fab")
      (effects (font (size 1 1) (thickness 0.15)))
    )
    (fp_text user "%R" (at 0 0) (layer "F.Fab")
      (effects (font (size 0.5 0.5) (thickness 0.08)))
    )
    (fp_line (start 1.68 0.95) (end -1.68 0.95) (layer "F.CrtYd") (width 0.05))
    (fp_line (start 1.68 -0.95) (end 1.68 0.95) (layer "F.CrtYd") (width 0.05))
    (fp_line (start -1.68 -0.95) (end 1.68 -0.95) (layer "F.CrtYd") (width 0.05))
    (fp_line (start -1.68 0.95) (end -1.68 -0.95) (layer "F.CrtYd") (width 0.05))
    (fp_line (start -0.258578 0.71) (end 0.258578 0.71) (layer "F.SilkS") (width 0.12))
    (fp_line (start -0.258578 -0.71) (end 0.258578 -0.71) (layer "F.SilkS") (width 0.12))
    (fp_line (start 1 0.6) (end -1 0.6) (layer "F.Fab") (width 0.1))
    (fp_line (start 1 -0.6) (end 1 0.6) (layer "F.Fab") (width 0.1))
    (fp_line (start -1 -0.6) (end 1 -0.6) (layer "F.Fab") (width 0.1))
    (fp_line (start -1 0.6) (end -1 -0.6) (layer "F.Fab") (width 0.1))
    (pad "2" smd roundrect (at 0.9375 0) (size 0.975 1.4) (layers "F.Cu" "F.Paste" "F.Mask") (roundrect_rratio 0.25)
      (net 36 "SW_SEND"))
    (pad "1" smd roundrect (at -0.9375 0) (size 0.975 1.4) (layers "F.Cu" "F.Paste" "F.Mask") (roundrect_rratio 0.25)
      (net 3 "+3V3"))
    (model "${KISYS3DMOD}/Resistor_SMD.3dshapes/R_0805_2012Metric.wrl"
      (at (xyz 0 0 0))
      (scale (xyz 1 1 1))
      (rotate (xyz 0 0 0))
    )
  )

  (module "Resistor_SMD:R_0805_2012Metric" (layer "F.Cu") (tedit 5B36C52B) (tstamp 5E45B049)
    (at 186.817 72.517)
    (descr "Resistor SMD 0805 (2012 Metric), square (rectangular) end terminal, IPC_7351 nominal, (Body size source: https://docs.google.com/spreadsheets/d/1BsfQQcO9C6DZCsRaXUlFlo91Tg2WpOkGARC1WS5S8t0/edit?usp=sharing), generated with kicad-footprint-generator")
    (tags "resistor")
    (path "/5E49C761")
    (attr smd)
    (fp_text reference "R13" (at 0 -1.65) (layer "F.SilkS")
      (effects (font (size 1 1) (thickness 0.15)))
    )
    (fp_text value "10K" (at 0 1.65) (layer "F.Fab")
      (effects (font (size 1 1) (thickness 0.15)))
    )
    (fp_text user "%R" (at 0 0) (layer "F.Fab")
      (effects (font (size 0.5 0.5) (thickness 0.08)))
    )
    (fp_line (start 1.68 0.95) (end -1.68 0.95) (layer "F.CrtYd") (width 0.05))
    (fp_line (start 1.68 -0.95) (end 1.68 0.95) (layer "F.CrtYd") (width 0.05))
    (fp_line (start -1.68 -0.95) (end 1.68 -0.95) (layer "F.CrtYd") (width 0.05))
    (fp_line (start -1.68 0.95) (end -1.68 -0.95) (layer "F.CrtYd") (width 0.05))
    (fp_line (start -0.258578 0.71) (end 0.258578 0.71) (layer "F.SilkS") (width 0.12))
    (fp_line (start -0.258578 -0.71) (end 0.258578 -0.71) (layer "F.SilkS") (width 0.12))
    (fp_line (start 1 0.6) (end -1 0.6) (layer "F.Fab") (width 0.1))
    (fp_line (start 1 -0.6) (end 1 0.6) (layer "F.Fab") (width 0.1))
    (fp_line (start -1 -0.6) (end 1 -0.6) (layer "F.Fab") (width 0.1))
    (fp_line (start -1 0.6) (end -1 -0.6) (layer "F.Fab") (width 0.1))
    (pad "2" smd roundrect (at 0.9375 0) (size 0.975 1.4) (layers "F.Cu" "F.Paste" "F.Mask") (roundrect_rratio 0.25)
      (net 36 "SW_SEND"))
    (pad "1" smd roundrect (at -0.9375 0) (size 0.975 1.4) (layers "F.Cu" "F.Paste" "F.Mask") (roundrect_rratio 0.25)
      (net 8 "LCD_RS"))
    (model "${KISYS3DMOD}/Resistor_SMD.3dshapes/R_0805_2012Metric.wrl"
      (at (xyz 0 0 0))
      (scale (xyz 1 1 1))
      (rotate (xyz 0 0 0))
    )
  )

  (module "Resistor_SMD:R_0805_2012Metric" (layer "F.Cu") (tedit 5B36C52B) (tstamp 5E45B038)
    (at 186.817 99.314)
    (descr "Resistor SMD 0805 (2012 Metric), square (rectangular) end terminal, IPC_7351 nominal, (Body size source: https://docs.google.com/spreadsheets/d/1BsfQQcO9C6DZCsRaXUlFlo91Tg2WpOkGARC1WS5S8t0/edit?usp=sharing), generated with kicad-footprint-generator")
    (tags "resistor")
    (path "/5E5635F8")
    (attr smd)
    (fp_text reference "R12" (at 0 -1.65) (layer "F.SilkS")
      (effects (font (size 1 1) (thickness 0.15)))
    )
    (fp_text value "10K" (at 0 1.65) (layer "F.Fab")
      (effects (font (size 1 1) (thickness 0.15)))
    )
    (fp_text user "%R" (at 0 0) (layer "F.Fab")
      (effects (font (size 0.5 0.5) (thickness 0.08)))
    )
    (fp_line (start 1.68 0.95) (end -1.68 0.95) (layer "F.CrtYd") (width 0.05))
    (fp_line (start 1.68 -0.95) (end 1.68 0.95) (layer "F.CrtYd") (width 0.05))
    (fp_line (start -1.68 -0.95) (end 1.68 -0.95) (layer "F.CrtYd") (width 0.05))
    (fp_line (start -1.68 0.95) (end -1.68 -0.95) (layer "F.CrtYd") (width 0.05))
    (fp_line (start -0.258578 0.71) (end 0.258578 0.71) (layer "F.SilkS") (width 0.12))
    (fp_line (start -0.258578 -0.71) (end 0.258578 -0.71) (layer "F.SilkS") (width 0.12))
    (fp_line (start 1 0.6) (end -1 0.6) (layer "F.Fab") (width 0.1))
    (fp_line (start 1 -0.6) (end 1 0.6) (layer "F.Fab") (width 0.1))
    (fp_line (start -1 -0.6) (end 1 -0.6) (layer "F.Fab") (width 0.1))
    (fp_line (start -1 0.6) (end -1 -0.6) (layer "F.Fab") (width 0.1))
    (pad "2" smd roundrect (at 0.9375 0) (size 0.975 1.4) (layers "F.Cu" "F.Paste" "F.Mask") (roundrect_rratio 0.25)
      (net 2 "PB_0"))
    (pad "1" smd roundrect (at -0.9375 0) (size 0.975 1.4) (layers "F.Cu" "F.Paste" "F.Mask") (roundrect_rratio 0.25)
      (net 3 "+3V3"))
    (model "${KISYS3DMOD}/Resistor_SMD.3dshapes/R_0805_2012Metric.wrl"
      (at (xyz 0 0 0))
      (scale (xyz 1 1 1))
      (rotate (xyz 0 0 0))
    )
  )

  (module "Resistor_SMD:R_0805_2012Metric" (layer "F.Cu") (tedit 5B36C52B) (tstamp 5E45B027)
    (at 186.944 96.012)
    (descr "Resistor SMD 0805 (2012 Metric), square (rectangular) end terminal, IPC_7351 nominal, (Body size source: https://docs.google.com/spreadsheets/d/1BsfQQcO9C6DZCsRaXUlFlo91Tg2WpOkGARC1WS5S8t0/edit?usp=sharing), generated with kicad-footprint-generator")
    (tags "resistor")
    (path "/5E55F1AC")
    (attr smd)
    (fp_text reference "R11" (at 0 -1.65) (layer "F.SilkS")
      (effects (font (size 1 1) (thickness 0.15)))
    )
    (fp_text value "10K" (at 0 1.65) (layer "F.Fab")
      (effects (font (size 1 1) (thickness 0.15)))
    )
    (fp_text user "%R" (at 0 0) (layer "F.Fab")
      (effects (font (size 0.5 0.5) (thickness 0.08)))
    )
    (fp_line (start 1.68 0.95) (end -1.68 0.95) (layer "F.CrtYd") (width 0.05))
    (fp_line (start 1.68 -0.95) (end 1.68 0.95) (layer "F.CrtYd") (width 0.05))
    (fp_line (start -1.68 -0.95) (end 1.68 -0.95) (layer "F.CrtYd") (width 0.05))
    (fp_line (start -1.68 0.95) (end -1.68 -0.95) (layer "F.CrtYd") (width 0.05))
    (fp_line (start -0.258578 0.71) (end 0.258578 0.71) (layer "F.SilkS") (width 0.12))
    (fp_line (start -0.258578 -0.71) (end 0.258578 -0.71) (layer "F.SilkS") (width 0.12))
    (fp_line (start 1 0.6) (end -1 0.6) (layer "F.Fab") (width 0.1))
    (fp_line (start 1 -0.6) (end 1 0.6) (layer "F.Fab") (width 0.1))
    (fp_line (start -1 -0.6) (end 1 -0.6) (layer "F.Fab") (width 0.1))
    (fp_line (start -1 0.6) (end -1 -0.6) (layer "F.Fab") (width 0.1))
    (pad "2" smd roundrect (at 0.9375 0) (size 0.975 1.4) (layers "F.Cu" "F.Paste" "F.Mask") (roundrect_rratio 0.25)
      (net 1 "PB_1"))
    (pad "1" smd roundrect (at -0.9375 0) (size 0.975 1.4) (layers "F.Cu" "F.Paste" "F.Mask") (roundrect_rratio 0.25)
      (net 3 "+3V3"))
    (model "${KISYS3DMOD}/Resistor_SMD.3dshapes/R_0805_2012Metric.wrl"
      (at (xyz 0 0 0))
      (scale (xyz 1 1 1))
      (rotate (xyz 0 0 0))
    )
  )

  (module "Resistor_SMD:R_0805_2012Metric" (layer "B.Cu") (tedit 5B36C52B) (tstamp 5E4062AA)
    (at 153.67 100.2 180)
    (descr "Resistor SMD 0805 (2012 Metric), square (rectangular) end terminal, IPC_7351 nominal, (Body size source: https://docs.google.com/spreadsheets/d/1BsfQQcO9C6DZCsRaXUlFlo91Tg2WpOkGARC1WS5S8t0/edit?usp=sharing), generated with kicad-footprint-generator")
    (tags "resistor")
    (path "/5E490A45")
    (attr smd)
    (fp_text reference "R10" (at -3.302 -0.003) (layer "B.SilkS")
      (effects (font (size 1 1) (thickness 0.15)) (justify mirror))
    )
    (fp_text value "10K" (at 0 -1.65) (layer "B.Fab")
      (effects (font (size 1 1) (thickness 0.15)) (justify mirror))
    )
    (fp_text user "%R" (at 0 0) (layer "B.Fab")
      (effects (font (size 0.5 0.5) (thickness 0.08)) (justify mirror))
    )
    (fp_line (start 1.68 -0.95) (end -1.68 -0.95) (layer "B.CrtYd") (width 0.05))
    (fp_line (start 1.68 0.95) (end 1.68 -0.95) (layer "B.CrtYd") (width 0.05))
    (fp_line (start -1.68 0.95) (end 1.68 0.95) (layer "B.CrtYd") (width 0.05))
    (fp_line (start -1.68 -0.95) (end -1.68 0.95) (layer "B.CrtYd") (width 0.05))
    (fp_line (start -0.258578 -0.71) (end 0.258578 -0.71) (layer "B.SilkS") (width 0.12))
    (fp_line (start -0.258578 0.71) (end 0.258578 0.71) (layer "B.SilkS") (width 0.12))
    (fp_line (start 1 -0.6) (end -1 -0.6) (layer "B.Fab") (width 0.1))
    (fp_line (start 1 0.6) (end 1 -0.6) (layer "B.Fab") (width 0.1))
    (fp_line (start -1 0.6) (end 1 0.6) (layer "B.Fab") (width 0.1))
    (fp_line (start -1 -0.6) (end -1 0.6) (layer "B.Fab") (width 0.1))
    (pad "2" smd roundrect (at 0.9375 0 180) (size 0.975 1.4) (layers "B.Cu" "B.Paste" "B.Mask") (roundrect_rratio 0.25)
      (net 29 "Net-(R10-Pad2)"))
    (pad "1" smd roundrect (at -0.9375 0 180) (size 0.975 1.4) (layers "B.Cu" "B.Paste" "B.Mask") (roundrect_rratio 0.25)
      (net 15 "LCD7"))
    (model "${KISYS3DMOD}/Resistor_SMD.3dshapes/R_0805_2012Metric.wrl"
      (at (xyz 0 0 0))
      (scale (xyz 1 1 1))
      (rotate (xyz 0 0 0))
    )
  )

  (module "Resistor_SMD:R_0805_2012Metric" (layer "B.Cu") (tedit 5B36C52B) (tstamp 5E406299)
    (at 142.24 100.327 180)
    (descr "Resistor SMD 0805 (2012 Metric), square (rectangular) end terminal, IPC_7351 nominal, (Body size source: https://docs.google.com/spreadsheets/d/1BsfQQcO9C6DZCsRaXUlFlo91Tg2WpOkGARC1WS5S8t0/edit?usp=sharing), generated with kicad-footprint-generator")
    (tags "resistor")
    (path "/5E490308")
    (attr smd)
    (fp_text reference "R9" (at -2.921 -0.003) (layer "B.SilkS")
      (effects (font (size 1 1) (thickness 0.15)) (justify mirror))
    )
    (fp_text value "10K" (at 0 -1.65) (layer "B.Fab")
      (effects (font (size 1 1) (thickness 0.15)) (justify mirror))
    )
    (fp_text user "%R" (at 0 0) (layer "B.Fab")
      (effects (font (size 0.5 0.5) (thickness 0.08)) (justify mirror))
    )
    (fp_line (start 1.68 -0.95) (end -1.68 -0.95) (layer "B.CrtYd") (width 0.05))
    (fp_line (start 1.68 0.95) (end 1.68 -0.95) (layer "B.CrtYd") (width 0.05))
    (fp_line (start -1.68 0.95) (end 1.68 0.95) (layer "B.CrtYd") (width 0.05))
    (fp_line (start -1.68 -0.95) (end -1.68 0.95) (layer "B.CrtYd") (width 0.05))
    (fp_line (start -0.258578 -0.71) (end 0.258578 -0.71) (layer "B.SilkS") (width 0.12))
    (fp_line (start -0.258578 0.71) (end 0.258578 0.71) (layer "B.SilkS") (width 0.12))
    (fp_line (start 1 -0.6) (end -1 -0.6) (layer "B.Fab") (width 0.1))
    (fp_line (start 1 0.6) (end 1 -0.6) (layer "B.Fab") (width 0.1))
    (fp_line (start -1 0.6) (end 1 0.6) (layer "B.Fab") (width 0.1))
    (fp_line (start -1 -0.6) (end -1 0.6) (layer "B.Fab") (width 0.1))
    (pad "2" smd roundrect (at 0.9375 0 180) (size 0.975 1.4) (layers "B.Cu" "B.Paste" "B.Mask") (roundrect_rratio 0.25)
      (net 35 "Net-(R3-Pad2)"))
    (pad "1" smd roundrect (at -0.9375 0 180) (size 0.975 1.4) (layers "B.Cu" "B.Paste" "B.Mask") (roundrect_rratio 0.25)
      (net 13 "LCD6"))
    (model "${KISYS3DMOD}/Resistor_SMD.3dshapes/R_0805_2012Metric.wrl"
      (at (xyz 0 0 0))
      (scale (xyz 1 1 1))
      (rotate (xyz 0 0 0))
    )
  )

  (module "Resistor_SMD:R_0805_2012Metric" (layer "B.Cu") (tedit 5B36C52B) (tstamp 5E406288)
    (at 130.81 100.425 180)
    (descr "Resistor SMD 0805 (2012 Metric), square (rectangular) end terminal, IPC_7351 nominal, (Body size source: https://docs.google.com/spreadsheets/d/1BsfQQcO9C6DZCsRaXUlFlo91Tg2WpOkGARC1WS5S8t0/edit?usp=sharing), generated with kicad-footprint-generator")
    (tags "resistor")
    (path "/5E48F37E")
    (attr smd)
    (fp_text reference "R8" (at -2.921 0.095) (layer "B.SilkS")
      (effects (font (size 1 1) (thickness 0.15)) (justify mirror))
    )
    (fp_text value "10K" (at 0 -1.65) (layer "B.Fab")
      (effects (font (size 1 1) (thickness 0.15)) (justify mirror))
    )
    (fp_text user "%R" (at 0 0) (layer "B.Fab")
      (effects (font (size 0.5 0.5) (thickness 0.08)) (justify mirror))
    )
    (fp_line (start 1.68 -0.95) (end -1.68 -0.95) (layer "B.CrtYd") (width 0.05))
    (fp_line (start 1.68 0.95) (end 1.68 -0.95) (layer "B.CrtYd") (width 0.05))
    (fp_line (start -1.68 0.95) (end 1.68 0.95) (layer "B.CrtYd") (width 0.05))
    (fp_line (start -1.68 -0.95) (end -1.68 0.95) (layer "B.CrtYd") (width 0.05))
    (fp_line (start -0.258578 -0.71) (end 0.258578 -0.71) (layer "B.SilkS") (width 0.12))
    (fp_line (start -0.258578 0.71) (end 0.258578 0.71) (layer "B.SilkS") (width 0.12))
    (fp_line (start 1 -0.6) (end -1 -0.6) (layer "B.Fab") (width 0.1))
    (fp_line (start 1 0.6) (end 1 -0.6) (layer "B.Fab") (width 0.1))
    (fp_line (start -1 0.6) (end 1 0.6) (layer "B.Fab") (width 0.1))
    (fp_line (start -1 -0.6) (end -1 0.6) (layer "B.Fab") (width 0.1))
    (pad "2" smd roundrect (at 0.9375 0 180) (size 0.975 1.4) (layers "B.Cu" "B.Paste" "B.Mask") (roundrect_rratio 0.25)
      (net 34 "Net-(R2-Pad2)"))
    (pad "1" smd roundrect (at -0.9375 0 180) (size 0.975 1.4) (layers "B.Cu" "B.Paste" "B.Mask") (roundrect_rratio 0.25)
      (net 12 "LCD5"))
    (model "${KISYS3DMOD}/Resistor_SMD.3dshapes/R_0805_2012Metric.wrl"
      (at (xyz 0 0 0))
      (scale (xyz 1 1 1))
      (rotate (xyz 0 0 0))
    )
  )

  (module "Resistor_SMD:R_0805_2012Metric" (layer "B.Cu") (tedit 5B36C52B) (tstamp 5E406277)
    (at 119.38 100.327 180)
    (descr "Resistor SMD 0805 (2012 Metric), square (rectangular) end terminal, IPC_7351 nominal, (Body size source: https://docs.google.com/spreadsheets/d/1BsfQQcO9C6DZCsRaXUlFlo91Tg2WpOkGARC1WS5S8t0/edit?usp=sharing), generated with kicad-footprint-generator")
    (tags "resistor")
    (path "/5E48DE69")
    (attr smd)
    (fp_text reference "R7" (at -3.048 -0.003) (layer "B.SilkS")
      (effects (font (size 1 1) (thickness 0.15)) (justify mirror))
    )
    (fp_text value "10K" (at 0 -1.65) (layer "B.Fab")
      (effects (font (size 1 1) (thickness 0.15)) (justify mirror))
    )
    (fp_text user "%R" (at 0 0) (layer "B.Fab")
      (effects (font (size 0.5 0.5) (thickness 0.08)) (justify mirror))
    )
    (fp_line (start 1.68 -0.95) (end -1.68 -0.95) (layer "B.CrtYd") (width 0.05))
    (fp_line (start 1.68 0.95) (end 1.68 -0.95) (layer "B.CrtYd") (width 0.05))
    (fp_line (start -1.68 0.95) (end 1.68 0.95) (layer "B.CrtYd") (width 0.05))
    (fp_line (start -1.68 -0.95) (end -1.68 0.95) (layer "B.CrtYd") (width 0.05))
    (fp_line (start -0.258578 -0.71) (end 0.258578 -0.71) (layer "B.SilkS") (width 0.12))
    (fp_line (start -0.258578 0.71) (end 0.258578 0.71) (layer "B.SilkS") (width 0.12))
    (fp_line (start 1 -0.6) (end -1 -0.6) (layer "B.Fab") (width 0.1))
    (fp_line (start 1 0.6) (end 1 -0.6) (layer "B.Fab") (width 0.1))
    (fp_line (start -1 0.6) (end 1 0.6) (layer "B.Fab") (width 0.1))
    (fp_line (start -1 -0.6) (end -1 0.6) (layer "B.Fab") (width 0.1))
    (pad "2" smd roundrect (at 0.9375 0 180) (size 0.975 1.4) (layers "B.Cu" "B.Paste" "B.Mask") (roundrect_rratio 0.25)
      (net 33 "Net-(R1-Pad2)"))
    (pad "1" smd roundrect (at -0.9375 0 180) (size 0.975 1.4) (layers "B.Cu" "B.Paste" "B.Mask") (roundrect_rratio 0.25)
      (net 10 "LCD4"))
    (model "${KISYS3DMOD}/Resistor_SMD.3dshapes/R_0805_2012Metric.wrl"
      (at (xyz 0 0 0))
      (scale (xyz 1 1 1))
      (rotate (xyz 0 0 0))
    )
  )

  (module "Connector_PinHeader_2.54mm:PinHeader_1x02_P2.54mm_Vertical" (layer "F.Cu") (tedit 59FED5CC) (tstamp 5E3FB4EA)
    (at 170.18 54.61)
    (descr "Through hole straight pin header, 1x02, 2.54mm pitch, single row")
    (tags "Through hole pin header THT 1x02 2.54mm single row")
    (path "/5E4DE8D2")
    (fp_text reference "J4" (at 0 -2.33) (layer "F.SilkS")
      (effects (font (size 1 1) (thickness 0.15)))
    )
    (fp_text value "Speaker" (at 0 4.87) (layer "F.Fab")
      (effects (font (size 1 1) (thickness 0.15)))
    )
    (fp_line (start -0.635 -1.27) (end 1.27 -1.27) (layer "F.Fab") (width 0.1))
    (fp_line (start 1.27 -1.27) (end 1.27 3.81) (layer "F.Fab") (width 0.1))
    (fp_line (start 1.27 3.81) (end -1.27 3.81) (layer "F.Fab") (width 0.1))
    (fp_line (start -1.27 3.81) (end -1.27 -0.635) (layer "F.Fab") (width 0.1))
    (fp_line (start -1.27 -0.635) (end -0.635 -1.27) (layer "F.Fab") (width 0.1))
    (fp_line (start -1.33 3.87) (end 1.33 3.87) (layer "F.SilkS") (width 0.12))
    (fp_line (start -1.33 1.27) (end -1.33 3.87) (layer "F.SilkS") (width 0.12))
    (fp_line (start 1.33 1.27) (end 1.33 3.87) (layer "F.SilkS") (width 0.12))
    (fp_line (start -1.33 1.27) (end 1.33 1.27) (layer "F.SilkS") (width 0.12))
    (fp_line (start -1.33 0) (end -1.33 -1.33) (layer "F.SilkS") (width 0.12))
    (fp_line (start -1.33 -1.33) (end 0 -1.33) (layer "F.SilkS") (width 0.12))
    (fp_line (start -1.8 -1.8) (end -1.8 4.35) (layer "F.CrtYd") (width 0.05))
    (fp_line (start -1.8 4.35) (end 1.8 4.35) (layer "F.CrtYd") (width 0.05))
    (fp_line (start 1.8 4.35) (end 1.8 -1.8) (layer "F.CrtYd") (width 0.05))
    (fp_line (start 1.8 -1.8) (end -1.8 -1.8) (layer "F.CrtYd") (width 0.05))
    (fp_text user "%R" (at 0 1.27 90) (layer "F.Fab")
      (effects (font (size 1 1) (thickness 0.15)))
    )
    (pad "2" thru_hole oval (at 0 2.54) (size 1.7 1.7) (drill 1) (layers *.Cu *.Mask)
      (net 37 "GND"))
    (pad "1" thru_hole rect (at 0 0) (size 1.7 1.7) (drill 1) (layers *.Cu *.Mask)
      (net 16 "SPEAKER_HDR"))
    (model "${KISYS3DMOD}/Connector_PinHeader_2.54mm.3dshapes/PinHeader_1x02_P2.54mm_Vertical.wrl"
      (at (xyz 0 0 0))
      (scale (xyz 1 1 1))
      (rotate (xyz 0 0 0))
    )
  )

  (module "Resistor_SMD:R_0805_2012Metric" (layer "B.Cu") (tedit 5B36C52B) (tstamp 5E3FCA12)
    (at 180.164 89.408 180)
    (descr "Resistor SMD 0805 (2012 Metric), square (rectangular) end terminal, IPC_7351 nominal, (Body size source: https://docs.google.com/spreadsheets/d/1BsfQQcO9C6DZCsRaXUlFlo91Tg2WpOkGARC1WS5S8t0/edit?usp=sharing), generated with kicad-footprint-generator")
    (tags "resistor")
    (path "/5E515ED7")
    (attr smd)
    (fp_text reference "R6" (at 0 1.65 180) (layer "B.SilkS")
      (effects (font (size 1 1) (thickness 0.15)) (justify mirror))
    )
    (fp_text value "2K2" (at 0 -1.65 180) (layer "B.Fab")
      (effects (font (size 1 1) (thickness 0.15)) (justify mirror))
    )
    (fp_line (start -1 -0.6) (end -1 0.6) (layer "B.Fab") (width 0.1))
    (fp_line (start -1 0.6) (end 1 0.6) (layer "B.Fab") (width 0.1))
    (fp_line (start 1 0.6) (end 1 -0.6) (layer "B.Fab") (width 0.1))
    (fp_line (start 1 -0.6) (end -1 -0.6) (layer "B.Fab") (width 0.1))
    (fp_line (start -0.258578 0.71) (end 0.258578 0.71) (layer "B.SilkS") (width 0.12))
    (fp_line (start -0.258578 -0.71) (end 0.258578 -0.71) (layer "B.SilkS") (width 0.12))
    (fp_line (start -1.68 -0.95) (end -1.68 0.95) (layer "B.CrtYd") (width 0.05))
    (fp_line (start -1.68 0.95) (end 1.68 0.95) (layer "B.CrtYd") (width 0.05))
    (fp_line (start 1.68 0.95) (end 1.68 -0.95) (layer "B.CrtYd") (width 0.05))
    (fp_line (start 1.68 -0.95) (end -1.68 -0.95) (layer "B.CrtYd") (width 0.05))
    (fp_text user "%R" (at 0 0 90) (layer "B.Fab")
      (effects (font (size 0.5 0.5) (thickness 0.08)) (justify mirror))
    )
    (pad "2" smd roundrect (at 0.9375 0 180) (size 0.975 1.4) (layers "B.Cu" "B.Paste" "B.Mask") (roundrect_rratio 0.25)
      (net 31 "TX_ENABLE"))
    (pad "1" smd roundrect (at -0.9375 0 180) (size 0.975 1.4) (layers "B.Cu" "B.Paste" "B.Mask") (roundrect_rratio 0.25)
      (net 3 "+3V3"))
    (model "${KISYS3DMOD}/Resistor_SMD.3dshapes/R_0805_2012Metric.wrl"
      (at (xyz 0 0 0))
      (scale (xyz 1 1 1))
      (rotate (xyz 0 0 0))
    )
  )

  (module "openxcvr:jack3.5mm switched" (layer "F.Cu") (tedit 5E3DD990) (tstamp 5E3FB4FF)
    (at 153.67 50.8)
    (path "/5E4F8E0F")
    (fp_text reference "J5" (at 0 7 unlocked) (layer "F.SilkS")
      (effects (font (size 1 1) (thickness 0.15)))
    )
    (fp_text value "PTT" (at 0 -0.5 unlocked) (layer "F.Fab")
      (effects (font (size 1 1) (thickness 0.15)))
    )
    (fp_line (start 6 1) (end -6 1) (layer "F.SilkS") (width 0.12))
    (fp_line (start -6 12) (end 6 12) (layer "F.SilkS") (width 0.12))
    (fp_line (start -2 0) (end -2 2) (layer "F.SilkS") (width 0.12))
    (fp_line (start -2 2) (end 2 2) (layer "F.SilkS") (width 0.12))
    (fp_line (start 2 2) (end 2 0) (layer "F.SilkS") (width 0.12))
    (fp_line (start 2 0) (end -2 0) (layer "F.SilkS") (width 0.12))
    (fp_line (start 6 12) (end 6.5 12) (layer "F.SilkS") (width 0.12))
    (fp_line (start 6.5 12) (end 6.5 1) (layer "F.SilkS") (width 0.12))
    (fp_line (start 6.5 1) (end 6 1) (layer "F.SilkS") (width 0.12))
    (fp_line (start -6 1) (end -6.5 1) (layer "F.SilkS") (width 0.12))
    (fp_line (start -6.5 1) (end -6.5 12) (layer "F.SilkS") (width 0.12))
    (fp_line (start -6.5 12) (end -6 12) (layer "F.SilkS") (width 0.12))
    (pad "TN" thru_hole circle (at -2 9.5 270) (size 2 2) (drill 1.2) (layers *.Cu *.Mask)
      (net 27 "Net-(J5-PadTN)"))
    (pad "SN" thru_hole circle (at 2 9.5 270) (size 2 2) (drill 1.2) (layers *.Cu *.Mask)
      (net 28 "Net-(J5-PadSN)"))
    (pad "S" thru_hole circle (at 5 9.5 270) (size 2 2) (drill 1.2) (layers *.Cu *.Mask)
      (net 32 "Net-(J5-PadS)"))
    (pad "T" thru_hole circle (at -5 9.5 270) (size 2 2) (drill 1.2) (layers *.Cu *.Mask)
      (net 31 "TX_ENABLE"))
    (pad "G" thru_hole circle (at 0 4.5 270) (size 2 2) (drill 1.2) (layers *.Cu *.Mask)
      (net 37 "GND"))
  )

  (module "Connector_PinHeader_2.54mm:PinHeader_1x02_P2.54mm_Vertical" (layer "F.Cu") (tedit 59FED5CC) (tstamp 5E3FB4C0)
    (at 176.53 54.61)
    (descr "Through hole straight pin header, 1x02, 2.54mm pitch, single row")
    (tags "Through hole pin header THT 1x02 2.54mm single row")
    (path "/5E4DFD08")
    (fp_text reference "J2" (at 0 -2.33) (layer "F.SilkS")
      (effects (font (size 1 1) (thickness 0.15)))
    )
    (fp_text value "Mic" (at 0 4.87) (layer "F.Fab")
      (effects (font (size 1 1) (thickness 0.15)))
    )
    (fp_line (start -0.635 -1.27) (end 1.27 -1.27) (layer "F.Fab") (width 0.1))
    (fp_line (start 1.27 -1.27) (end 1.27 3.81) (layer "F.Fab") (width 0.1))
    (fp_line (start 1.27 3.81) (end -1.27 3.81) (layer "F.Fab") (width 0.1))
    (fp_line (start -1.27 3.81) (end -1.27 -0.635) (layer "F.Fab") (width 0.1))
    (fp_line (start -1.27 -0.635) (end -0.635 -1.27) (layer "F.Fab") (width 0.1))
    (fp_line (start -1.33 3.87) (end 1.33 3.87) (layer "F.SilkS") (width 0.12))
    (fp_line (start -1.33 1.27) (end -1.33 3.87) (layer "F.SilkS") (width 0.12))
    (fp_line (start 1.33 1.27) (end 1.33 3.87) (layer "F.SilkS") (width 0.12))
    (fp_line (start -1.33 1.27) (end 1.33 1.27) (layer "F.SilkS") (width 0.12))
    (fp_line (start -1.33 0) (end -1.33 -1.33) (layer "F.SilkS") (width 0.12))
    (fp_line (start -1.33 -1.33) (end 0 -1.33) (layer "F.SilkS") (width 0.12))
    (fp_line (start -1.8 -1.8) (end -1.8 4.35) (layer "F.CrtYd") (width 0.05))
    (fp_line (start -1.8 4.35) (end 1.8 4.35) (layer "F.CrtYd") (width 0.05))
    (fp_line (start 1.8 4.35) (end 1.8 -1.8) (layer "F.CrtYd") (width 0.05))
    (fp_line (start 1.8 -1.8) (end -1.8 -1.8) (layer "F.CrtYd") (width 0.05))
    (fp_text user "%R" (at 0 1.27 90) (layer "F.Fab")
      (effects (font (size 1 1) (thickness 0.15)))
    )
    (pad "2" thru_hole oval (at 0 2.54) (size 1.7 1.7) (drill 1) (layers *.Cu *.Mask)
      (net 37 "GND"))
    (pad "1" thru_hole rect (at 0 0) (size 1.7 1.7) (drill 1) (layers *.Cu *.Mask)
      (net 22 "Net-(J2-Pad1)"))
    (model "${KISYS3DMOD}/Connector_PinHeader_2.54mm.3dshapes/PinHeader_1x02_P2.54mm_Vertical.wrl"
      (at (xyz 0 0 0))
      (scale (xyz 1 1 1))
      (rotate (xyz 0 0 0))
    )
  )

  (module "Resistor_SMD:R_0805_2012Metric" (layer "B.Cu") (tedit 5B36C52B) (tstamp 5E3FB5A5)
    (at 180.213 85.979 180)
    (descr "Resistor SMD 0805 (2012 Metric), square (rectangular) end terminal, IPC_7351 nominal, (Body size source: https://docs.google.com/spreadsheets/d/1BsfQQcO9C6DZCsRaXUlFlo91Tg2WpOkGARC1WS5S8t0/edit?usp=sharing), generated with kicad-footprint-generator")
    (tags "resistor")
    (path "/5E4CDEB1")
    (attr smd)
    (fp_text reference "R5" (at 0 1.65 180) (layer "B.SilkS")
      (effects (font (size 1 1) (thickness 0.15)) (justify mirror))
    )
    (fp_text value "1K" (at 0 -1.65 180) (layer "B.Fab")
      (effects (font (size 1 1) (thickness 0.15)) (justify mirror))
    )
    (fp_line (start -1 -0.6) (end -1 0.6) (layer "B.Fab") (width 0.1))
    (fp_line (start -1 0.6) (end 1 0.6) (layer "B.Fab") (width 0.1))
    (fp_line (start 1 0.6) (end 1 -0.6) (layer "B.Fab") (width 0.1))
    (fp_line (start 1 -0.6) (end -1 -0.6) (layer "B.Fab") (width 0.1))
    (fp_line (start -0.258578 0.71) (end 0.258578 0.71) (layer "B.SilkS") (width 0.12))
    (fp_line (start -0.258578 -0.71) (end 0.258578 -0.71) (layer "B.SilkS") (width 0.12))
    (fp_line (start -1.68 -0.95) (end -1.68 0.95) (layer "B.CrtYd") (width 0.05))
    (fp_line (start -1.68 0.95) (end 1.68 0.95) (layer "B.CrtYd") (width 0.05))
    (fp_line (start 1.68 0.95) (end 1.68 -0.95) (layer "B.CrtYd") (width 0.05))
    (fp_line (start 1.68 -0.95) (end -1.68 -0.95) (layer "B.CrtYd") (width 0.05))
    (fp_text user "%R" (at 0 0 180) (layer "B.Fab")
      (effects (font (size 0.5 0.5) (thickness 0.08)) (justify mirror))
    )
    (pad "2" smd roundrect (at 0.9375 0 180) (size 0.975 1.4) (layers "B.Cu" "B.Paste" "B.Mask") (roundrect_rratio 0.25)
      (net 24 "Net-(J3-PadS)"))
    (pad "1" smd roundrect (at -0.9375 0 180) (size 0.975 1.4) (layers "B.Cu" "B.Paste" "B.Mask") (roundrect_rratio 0.25)
      (net 3 "+3V3"))
    (model "${KISYS3DMOD}/Resistor_SMD.3dshapes/R_0805_2012Metric.wrl"
      (at (xyz 0 0 0))
      (scale (xyz 1 1 1))
      (rotate (xyz 0 0 0))
    )
  )

  (module "openxcvr:jack3.5mm switched" (layer "F.Cu") (tedit 5E3DD990) (tstamp 5E3FB514)
    (at 120.65 50.8)
    (path "/5E4A3804")
    (fp_text reference "J6" (at 0 7 unlocked) (layer "F.SilkS")
      (effects (font (size 1 1) (thickness 0.15)))
    )
    (fp_text value "Headphone" (at 0 -0.5 unlocked) (layer "F.Fab")
      (effects (font (size 1 1) (thickness 0.15)))
    )
    (fp_line (start 6 1) (end -6 1) (layer "F.SilkS") (width 0.12))
    (fp_line (start -6 12) (end 6 12) (layer "F.SilkS") (width 0.12))
    (fp_line (start -2 0) (end -2 2) (layer "F.SilkS") (width 0.12))
    (fp_line (start -2 2) (end 2 2) (layer "F.SilkS") (width 0.12))
    (fp_line (start 2 2) (end 2 0) (layer "F.SilkS") (width 0.12))
    (fp_line (start 2 0) (end -2 0) (layer "F.SilkS") (width 0.12))
    (fp_line (start 6 12) (end 6.5 12) (layer "F.SilkS") (width 0.12))
    (fp_line (start 6.5 12) (end 6.5 1) (layer "F.SilkS") (width 0.12))
    (fp_line (start 6.5 1) (end 6 1) (layer "F.SilkS") (width 0.12))
    (fp_line (start -6 1) (end -6.5 1) (layer "F.SilkS") (width 0.12))
    (fp_line (start -6.5 1) (end -6.5 12) (layer "F.SilkS") (width 0.12))
    (fp_line (start -6.5 12) (end -6 12) (layer "F.SilkS") (width 0.12))
    (pad "TN" thru_hole circle (at -2 9.5 270) (size 2 2) (drill 1.2) (layers *.Cu *.Mask)
      (net 25 "Net-(J6-PadTN)"))
    (pad "SN" thru_hole circle (at 2 9.5 270) (size 2 2) (drill 1.2) (layers *.Cu *.Mask)
      (net 26 "Net-(J6-PadSN)"))
    (pad "S" thru_hole circle (at 5 9.5 270) (size 2 2) (drill 1.2) (layers *.Cu *.Mask)
      (net 16 "SPEAKER_HDR"))
    (pad "T" thru_hole circle (at -5 9.5 270) (size 2 2) (drill 1.2) (layers *.Cu *.Mask)
      (net 16 "SPEAKER_HDR"))
    (pad "G" thru_hole circle (at 0 4.5 270) (size 2 2) (drill 1.2) (layers *.Cu *.Mask)
      (net 37 "GND"))
  )

  (module "openxcvr:jack3.5mm switched" (layer "F.Cu") (tedit 5E3DD990) (tstamp 5E3FB4D5)
    (at 137.16 50.8)
    (path "/5E4A78CB")
    (fp_text reference "J3" (at 0 7 unlocked) (layer "F.SilkS")
      (effects (font (size 1 1) (thickness 0.15)))
    )
    (fp_text value "Microphone" (at 0 -0.5 unlocked) (layer "F.Fab")
      (effects (font (size 1 1) (thickness 0.15)))
    )
    (fp_line (start 6 1) (end -6 1) (layer "F.SilkS") (width 0.12))
    (fp_line (start -6 12) (end 6 12) (layer "F.SilkS") (width 0.12))
    (fp_line (start -2 0) (end -2 2) (layer "F.SilkS") (width 0.12))
    (fp_line (start -2 2) (end 2 2) (layer "F.SilkS") (width 0.12))
    (fp_line (start 2 2) (end 2 0) (layer "F.SilkS") (width 0.12))
    (fp_line (start 2 0) (end -2 0) (layer "F.SilkS") (width 0.12))
    (fp_line (start 6 12) (end 6.5 12) (layer "F.SilkS") (width 0.12))
    (fp_line (start 6.5 12) (end 6.5 1) (layer "F.SilkS") (width 0.12))
    (fp_line (start 6.5 1) (end 6 1) (layer "F.SilkS") (width 0.12))
    (fp_line (start -6 1) (end -6.5 1) (layer "F.SilkS") (width 0.12))
    (fp_line (start -6.5 1) (end -6.5 12) (layer "F.SilkS") (width 0.12))
    (fp_line (start -6.5 12) (end -6 12) (layer "F.SilkS") (width 0.12))
    (pad "TN" thru_hole circle (at -2 9.5 270) (size 2 2) (drill 1.2) (layers *.Cu *.Mask)
      (net 22 "Net-(J2-Pad1)"))
    (pad "SN" thru_hole circle (at 2 9.5 270) (size 2 2) (drill 1.2) (layers *.Cu *.Mask)
      (net 23 "Net-(J3-PadSN)"))
    (pad "S" thru_hole circle (at 5 9.5 270) (size 2 2) (drill 1.2) (layers *.Cu *.Mask)
      (net 24 "Net-(J3-PadS)"))
    (pad "T" thru_hole circle (at -5 9.5 270) (size 2 2) (drill 1.2) (layers *.Cu *.Mask)
      (net 14 "MIC_HDR"))
    (pad "G" thru_hole circle (at 0 4.5 270) (size 2 2) (drill 1.2) (layers *.Cu *.Mask)
      (net 37 "GND"))
  )

  (module "Rotary_Encoder:RotaryEncoder_Alps_EC12E-Switch_Vertical_H20mm" (layer "F.Cu") (tedit 5A64F492) (tstamp 5E3FA72F)
    (at 189.23 91.44 90)
    (descr "Alps rotary encoder, EC12E... with switch, vertical shaft, http://www.alps.com/prod/info/E/HTML/Encoder/Incremental/EC12E/EC12E1240405.html & http://cdn-reichelt.de/documents/datenblatt/F100/402097STEC12E08.PDF")
    (tags "rotary encoder")
    (path "/5E4867AE")
    (fp_text reference "SW5" (at 2.8 -4.7 90) (layer "F.SilkS")
      (effects (font (size 1 1) (thickness 0.15)))
    )
    (fp_text value "Rotary_Encoder_Switch" (at 7.5 10.4 90) (layer "F.Fab")
      (effects (font (size 1 1) (thickness 0.15)))
    )
    (fp_line (start 7 2.5) (end 8 2.5) (layer "F.SilkS") (width 0.12))
    (fp_line (start 7.5 2) (end 7.5 3) (layer "F.SilkS") (width 0.12))
    (fp_text user "%R" (at 11.5 6.6 90) (layer "F.Fab")
      (effects (font (size 1 1) (thickness 0.15)))
    )
    (fp_line (start 14.2 6.2) (end 14.2 8.8) (layer "F.SilkS") (width 0.12))
    (fp_line (start 14.2 1.2) (end 14.2 3.8) (layer "F.SilkS") (width 0.12))
    (fp_line (start 14.2 -3.8) (end 14.2 -1.2) (layer "F.SilkS") (width 0.12))
    (fp_line (start 4.5 2.5) (end 10.5 2.5) (layer "F.Fab") (width 0.12))
    (fp_line (start 7.5 -0.5) (end 7.5 5.5) (layer "F.Fab") (width 0.12))
    (fp_line (start 0.3 -1.6) (end 0 -1.3) (layer "F.SilkS") (width 0.12))
    (fp_line (start -0.3 -1.6) (end 0.3 -1.6) (layer "F.SilkS") (width 0.12))
    (fp_line (start 0 -1.3) (end -0.3 -1.6) (layer "F.SilkS") (width 0.12))
    (fp_line (start 0.8 -3.8) (end 0.8 -1.3) (layer "F.SilkS") (width 0.12))
    (fp_line (start 5.6 -3.8) (end 0.8 -3.8) (layer "F.SilkS") (width 0.12))
    (fp_line (start 0.8 8.8) (end 0.8 6) (layer "F.SilkS") (width 0.12))
    (fp_line (start 5.7 8.8) (end 0.8 8.8) (layer "F.SilkS") (width 0.12))
    (fp_line (start 14.2 8.8) (end 9.3 8.8) (layer "F.SilkS") (width 0.12))
    (fp_line (start 9.3 -3.8) (end 14.2 -3.8) (layer "F.SilkS") (width 0.12))
    (fp_line (start 0.9 -2.6) (end 1.9 -3.7) (layer "F.Fab") (width 0.12))
    (fp_line (start 0.9 8.7) (end 0.9 -2.6) (layer "F.Fab") (width 0.12))
    (fp_line (start 14.1 8.7) (end 0.9 8.7) (layer "F.Fab") (width 0.12))
    (fp_line (start 14.1 -3.7) (end 14.1 8.7) (layer "F.Fab") (width 0.12))
    (fp_line (start 1.9 -3.7) (end 14.1 -3.7) (layer "F.Fab") (width 0.12))
    (fp_line (start -1.5 -4.85) (end 16 -4.85) (layer "F.CrtYd") (width 0.05))
    (fp_line (start -1.5 -4.85) (end -1.5 9.85) (layer "F.CrtYd") (width 0.05))
    (fp_line (start 16 9.85) (end 16 -4.85) (layer "F.CrtYd") (width 0.05))
    (fp_line (start 16 9.85) (end -1.5 9.85) (layer "F.CrtYd") (width 0.05))
    (fp_circle (center 7.5 2.5) (end 10.5 2.5) (layer "F.SilkS") (width 0.12))
    (fp_circle (center 7.5 2.5) (end 10.5 2.5) (layer "F.Fab") (width 0.12))
    (pad "A" thru_hole rect (at 0 0 90) (size 2 2) (drill 1) (layers *.Cu *.Mask)
      (net 1 "PB_1"))
    (pad "C" thru_hole circle (at 0 2.5 90) (size 2 2) (drill 1) (layers *.Cu *.Mask)
      (net 37 "GND"))
    (pad "B" thru_hole circle (at 0 5 90) (size 2 2) (drill 1) (layers *.Cu *.Mask)
      (net 2 "PB_0"))
    (pad "MP" thru_hole rect (at 7.5 -3.1 90) (size 3 2.5) (drill oval 2.5 2) (layers *.Cu *.Mask))
    (pad "MP" thru_hole rect (at 7.5 8.1 90) (size 3 2.5) (drill oval 2.5 2) (layers *.Cu *.Mask))
    (pad "S1" thru_hole circle (at 14.5 0 90) (size 2 2) (drill 1) (layers *.Cu *.Mask)
      (net 36 "SW_SEND"))
    (pad "S2" thru_hole circle (at 14.5 5 90) (size 2 2) (drill 1) (layers *.Cu *.Mask)
      (net 37 "GND"))
    (model "${KISYS3DMOD}/Rotary_Encoder.3dshapes/RotaryEncoder_Alps_EC12E-Switch_Vertical_H20mm.wrl"
      (at (xyz 0 0 0))
      (scale (xyz 1 1 1))
      (rotate (xyz 0 0 0))
    )
  )

  (module "Button_Switch_THT:SW_PUSH_6mm" (layer "F.Cu") (tedit 5A02FE31) (tstamp 5E3F8DDD)
    (at 152.4 105.41)
    (descr "https://www.omron.com/ecb/products/pdf/en-b3f.pdf")
    (tags "tact sw push 6mm")
    (path "/5E45A3CA")
    (fp_text reference "SW4" (at 3.25 -2) (layer "F.SilkS")
      (effects (font (size 1 1) (thickness 0.15)))
    )
    (fp_text value "SW_Push" (at 3.75 6.7) (layer "F.Fab")
      (effects (font (size 1 1) (thickness 0.15)))
    )
    (fp_text user "%R" (at 3.25 2.25) (layer "F.Fab")
      (effects (font (size 1 1) (thickness 0.15)))
    )
    (fp_line (start 3.25 -0.75) (end 6.25 -0.75) (layer "F.Fab") (width 0.1))
    (fp_line (start 6.25 -0.75) (end 6.25 5.25) (layer "F.Fab") (width 0.1))
    (fp_line (start 6.25 5.25) (end 0.25 5.25) (layer "F.Fab") (width 0.1))
    (fp_line (start 0.25 5.25) (end 0.25 -0.75) (layer "F.Fab") (width 0.1))
    (fp_line (start 0.25 -0.75) (end 3.25 -0.75) (layer "F.Fab") (width 0.1))
    (fp_line (start 7.75 6) (end 8 6) (layer "F.CrtYd") (width 0.05))
    (fp_line (start 8 6) (end 8 5.75) (layer "F.CrtYd") (width 0.05))
    (fp_line (start 7.75 -1.5) (end 8 -1.5) (layer "F.CrtYd") (width 0.05))
    (fp_line (start 8 -1.5) (end 8 -1.25) (layer "F.CrtYd") (width 0.05))
